employee 103 Bryan M Singapore 104 020123 030123 2 130.00 30.00 100.00 50.00 282
student 105 John M Malaysia 107 040323 060323 3 111.55 50.00 61.55 30.00 170
employee 115 Mandy F Malaysia 102 050723 090723 5 108.00 20.00 88.00 10.00 465
worker 120 Heng M Singapore 107 050423 090423 5 111.55 50.00 61.55 40.00 501
student 123 LEE F Singapore 107 090123 120123 4 111.55 60.00 51.55 50.00 42
worker 124 Ming M Singapore 108 060123 090123 3 188.80 80.00 108.80 50.00 359
student 128 Evelyn F Malaysia 109 050523 070523 3 93.10 50.00 43.10 30.00 146
student 130 LEE F Singapore 101 090123 120123 4 100.00 50.00 50.00 30.00 963
worker 150 Tan M China 110 020223 060223 5 140.00 80.00 60.00 50.00 479
student 170 Cheng M China 110 091223 121223 4 140.00 100.00 40.00 50.00 468
